index    period      start   cagr  bench_cagr   vol  sharpe  bench_sharpe  maxdd  bench_maxdd  worst_month worst_month_date  worst_day  skew_m  beta_m  alpha_ann  alpha_t  recovery_months
  PUT      full 1996-08-02  0.086       0.105 0.105   0.630         0.588 -0.371       -0.553       -0.177          2008-10     -0.115  -1.704   0.578      0.014    1.242           29.534
  PUT IS <=2007 1996-08-02  0.109       0.090 0.097   0.762         0.426 -0.313       -0.474       -0.131          2001-09     -0.058  -1.754   0.532      0.040    2.424           38.173
  PUT OOS 2008+ 2008-01-02  0.072       0.115 0.109   0.593         0.708 -0.371       -0.518       -0.177          2008-10     -0.115  -1.699   0.603     -0.002   -0.138           29.534
  PUT post-2010 2010-01-04  0.082       0.143 0.095   0.752         0.929 -0.289       -0.338       -0.134          2020-03     -0.115  -1.211   0.572     -0.004   -0.306           10.578
 PUTY      full 1986-06-30  0.069       0.112 0.087   0.468         0.583 -0.406       -0.553       -0.221          1987-10     -0.298  -3.443   0.433      0.002    0.218           24.803
 PUTY IS <=2007 1986-06-30  0.083       0.111 0.083   0.482         0.492 -0.406       -0.474       -0.221          1987-10     -0.298  -4.556   0.407      0.010    0.672           24.803
 PUTY OOS 2008+ 2008-01-02  0.053       0.115 0.091   0.494         0.708 -0.330       -0.518       -0.171          2008-10     -0.116  -2.557   0.456     -0.005   -0.328           31.899
 PUTY post-2010 2010-01-04  0.064       0.143 0.077   0.679         0.929 -0.273       -0.338       -0.136          2020-03     -0.116  -1.941   0.412     -0.002   -0.142           13.009
 WPUT      full 2006-01-31  0.048       0.112 0.097   0.362         0.672 -0.286       -0.553       -0.141          2008-10     -0.096  -1.406   0.529     -0.019   -1.494           19.284
 WPUT IS <=2007 2006-01-31  0.116       0.095 0.061   1.109         0.631 -0.055       -0.099       -0.035          2007-07     -0.028  -0.699   0.602      0.038    1.246            1.610
 WPUT OOS 2008+ 2008-01-02  0.042       0.115 0.099   0.339         0.708 -0.286       -0.518       -0.141          2008-10     -0.096  -1.394   0.528     -0.025   -1.886           19.284
 WPUT post-2010 2010-01-04  0.048       0.143 0.089   0.413         0.929 -0.259       -0.338       -0.103          2020-02     -0.096  -1.316   0.522     -0.033   -2.372           43.200
 PUTD      full 2006-01-03  0.096       0.112 0.120   0.690         0.672 -0.450       -0.553       -0.151          2008-10     -0.105  -0.796   0.759      0.006    0.706           37.024
 PUTD IS <=2007 2006-01-03  0.093       0.097 0.053   0.908         0.631 -0.076       -0.099       -0.031          2007-11     -0.031  -1.359   0.593      0.018    1.263            2.562
 PUTD OOS 2008+ 2008-01-02  0.097       0.115 0.125   0.722         0.708 -0.442       -0.518       -0.151          2008-10     -0.105  -0.788   0.762      0.006    0.626           29.501
 PUTD post-2010 2010-01-04  0.113       0.143 0.110   0.921         0.929 -0.314       -0.338       -0.109          2020-03     -0.105  -0.440   0.730      0.004    0.438            6.143
  BXM      full 2002-03-22  0.062       0.101 0.107   0.462         0.614 -0.401       -0.553       -0.150          2008-10     -0.122  -1.265   0.628     -0.008   -0.718           48.259
  BXM IS <=2007 2002-03-22  0.068       0.062 0.088   0.480         0.343 -0.237       -0.318       -0.083          2002-07     -0.034  -0.543   0.637      0.016    1.002           16.689
  BXM OOS 2008+ 2008-01-02  0.061       0.115 0.111   0.494         0.708 -0.401       -0.518       -0.150          2008-10     -0.122  -1.378   0.625     -0.014   -0.997           43.627
  BXM post-2010 2010-01-04  0.074       0.143 0.098   0.666         0.929 -0.303       -0.338       -0.149          2020-03     -0.122  -1.133   0.590     -0.013   -0.873           13.009
 BXMD      full 1986-06-20  0.107       0.113 0.129   0.624         0.583 -0.470       -0.553       -0.196          1987-10     -0.201  -1.047   0.805      0.009    1.483           39.028
 BXMD IS <=2007 1986-06-20  0.125       0.112 0.126   0.654         0.492 -0.395       -0.474       -0.196          1987-10     -0.201  -1.192   0.811      0.023    3.636           53.811
 BXMD OOS 2008+ 2008-01-02  0.087       0.115 0.131   0.619         0.708 -0.458       -0.518       -0.156          2008-10     -0.119  -0.916   0.797     -0.007   -0.678           31.045
 BXMD post-2010 2010-01-04  0.103       0.143 0.116   0.807         0.929 -0.323       -0.338       -0.133          2020-03     -0.119  -0.625   0.763     -0.008   -0.790            9.396
  BXY      full 1988-06-01  0.104       0.115 0.119   0.646         0.620 -0.448       -0.553       -0.156          2008-10     -0.120  -0.936   0.762      0.008    1.177           42.280
  BXY IS <=2007 1988-06-01  0.125       0.116 0.109   0.732         0.554 -0.396       -0.474       -0.126          1998-08     -0.062  -0.781   0.749      0.023    3.164           57.424
  BXY OOS 2008+ 2008-01-02  0.083       0.115 0.128   0.607         0.708 -0.439       -0.518       -0.156          2008-10     -0.120  -1.010   0.769     -0.007   -0.633           31.505
  BXY post-2010 2010-01-04  0.099       0.143 0.115   0.780         0.929 -0.314       -0.338       -0.143          2020-03     -0.120  -0.762   0.747     -0.010   -0.863           11.005
 CNDR      full 1986-06-20  0.054       0.113 0.070   0.359         0.583 -0.198       -0.553       -0.099          1987-10     -0.102  -1.820   0.135      0.013    1.182           12.714
 CNDR IS <=2007 1986-06-20  0.096       0.112 0.069   0.729         0.492 -0.198       -0.474       -0.099          1987-10     -0.102  -2.186   0.170      0.038    2.720           12.714
 CNDR OOS 2008+ 2008-01-02  0.007       0.115 0.067  -0.004         0.708 -0.197       -0.518       -0.079          2010-05     -0.045  -1.552   0.088     -0.010   -0.598          191.984
 CNDR post-2010 2010-01-04  0.004       0.143 0.066  -0.126         0.929 -0.197       -0.338       -0.079          2010-05     -0.045  -1.501   0.072     -0.018   -0.962          191.984
 BFLY      full 1986-06-20  0.037       0.113 0.108   0.109         0.583 -0.549       -0.553       -0.086          2014-10     -0.086   0.005   0.078      0.005    0.306              NaN
 BFLY IS <=2007 1986-06-20  0.094       0.112 0.101   0.506         0.492 -0.176       -0.474       -0.056          1987-10     -0.086  -0.074   0.102      0.044    2.253            7.424
 BFLY OOS 2008+ 2008-01-02 -0.025       0.115 0.112  -0.271         0.708 -0.549       -0.518       -0.086          2014-10     -0.045   0.167   0.048     -0.036   -1.470              NaN
 BFLY post-2010 2010-01-04 -0.033       0.143 0.112  -0.355         0.929 -0.545       -0.338       -0.086          2014-10     -0.045   0.121   0.011     -0.041   -1.543              NaN
  CLL      full 2008-08-26  0.083       0.126 0.111   0.649         0.701 -0.235       -0.471       -0.107          2008-09     -0.068  -0.351   0.510      0.011    0.588           14.389
  CLL OOS 2008+ 2008-08-26  0.083       0.126 0.111   0.649         0.701 -0.235       -0.471       -0.107          2008-09     -0.068  -0.351   0.510      0.011    0.588           14.389
  CLL post-2010 2010-01-04  0.087       0.143 0.106   0.733         0.926 -0.175       -0.338       -0.068          2022-09     -0.059  -0.224   0.675     -0.012   -0.839           25.263
 PPUT      full 1986-06-30  0.080       0.112 0.123   0.445         0.583 -0.420       -0.553       -0.106          1987-10     -0.077  -0.264   0.743     -0.011   -1.131           66.163
 PPUT IS <=2007 1986-06-30  0.074       0.111 0.124   0.284         0.492 -0.385       -0.474       -0.106          1987-10     -0.056  -0.166   0.784     -0.022   -2.194           82.293
 PPUT OOS 2008+ 2008-01-02  0.088       0.115 0.123   0.651         0.708 -0.358       -0.518       -0.098          2009-01     -0.077  -0.393   0.701      0.002    0.133           36.334
 PPUT post-2010 2010-01-04  0.107       0.143 0.117   0.823         0.929 -0.221       -0.338       -0.088          2022-06     -0.056  -0.249   0.752     -0.004   -0.213           25.197
 PUTR      full 2001-01-31  0.075       0.090 0.137   0.470         0.533 -0.462       -0.553       -0.236          2020-03     -0.162  -2.070   0.696      0.009    0.454           27.727
 PUTR IS <=2007 2001-01-31  0.114       0.028 0.110   0.791         0.071 -0.245       -0.420       -0.164          2001-09     -0.044  -2.628   0.560      0.082    4.195           22.898
 PUTR OOS 2008+ 2008-01-02  0.061       0.115 0.145   0.414         0.708 -0.462       -0.518       -0.236          2020-03     -0.162  -1.959   0.736     -0.021   -0.910           27.727
 PUTR post-2010 2010-01-04  0.070       0.143 0.131   0.488         0.929 -0.401       -0.338       -0.236          2020-03     -0.162  -1.707   0.717     -0.032   -1.299           28.548
  VPD      full 2007-11-16  0.108       0.114 0.210   0.542         0.676 -0.617       -0.540       -0.413          2008-10     -0.312  -2.953   1.018      0.006    0.150           32.424
  VPD OOS 2008+ 2008-01-02  0.106       0.115 0.211   0.541         0.708 -0.617       -0.518       -0.413          2008-10     -0.312  -2.946   1.027      0.001    0.013           32.424
  VPD post-2010 2010-01-04  0.133       0.143 0.183   0.706         0.929 -0.574       -0.338       -0.387          2020-03     -0.312  -2.402   0.968      0.001    0.013           21.846
  VPN      full 2008-06-04  0.092       0.120 0.175   0.528         0.750 -0.528       -0.508       -0.279          2008-10     -0.181  -1.377   0.871     -0.009   -0.299           28.548
  VPN OOS 2008+ 2008-06-04  0.092       0.120 0.175   0.528         0.750 -0.528       -0.508       -0.279          2008-10     -0.181  -1.377   0.871     -0.009   -0.299           28.548
  VPN post-2010 2010-01-04  0.113       0.143 0.153   0.684         0.929 -0.304       -0.338       -0.163          2011-08     -0.181  -0.681   0.818     -0.004   -0.141           12.976
SPXTR full-1986 1986-06-20  0.113       0.113 0.152   0.583         0.583 -0.553       -0.553       -0.215          1987-10     -0.205  -0.695   1.000     -0.000   -6.050           53.778
SPXTR IS <=2007 1986-06-20  0.112       0.112 0.148   0.492         0.492 -0.474       -0.474       -0.215          1987-10     -0.205  -0.824   1.000     -0.000   -1.502           73.686
SPXTR OOS 2008+ 2008-01-02  0.115       0.115 0.156   0.708         0.708 -0.518       -0.518       -0.168          2008-10     -0.120  -0.585   1.000     -0.000   -4.951           39.750
SPXTR post-2010 2010-01-04  0.143       0.143 0.143   0.929         0.929 -0.338       -0.338       -0.124          2020-03     -0.120  -0.343   1.000     -0.000   -4.810            5.683
                                             PUT   PUTY   WPUT   PUTD    BXM   BXMD    BXY   CNDR   BFLY    CLL   PPUT   PUTR    VPD    VPN  SPXTR
window                                                                                                                                            
Oct-1987 crash (Oct 1-Oct 30)                NaN -0.221    NaN    NaN    NaN -0.196    NaN -0.099 -0.056    NaN -0.106    NaN    NaN    NaN -0.215
1987 peak->trough (Aug 25-Dec 4)             NaN -0.278    NaN    NaN    NaN -0.292    NaN -0.116 -0.140    NaN -0.202    NaN    NaN    NaN -0.329
Aug-1998 LTCM (Jul 17-Oct 8)              -0.095 -0.069    NaN    NaN    NaN -0.164 -0.148 -0.034 -0.063    NaN -0.173    NaN    NaN    NaN -0.188
Sep-Nov 2008                              -0.332 -0.310 -0.280 -0.387 -0.335 -0.381 -0.356 -0.086 -0.021 -0.131 -0.165 -0.408 -0.607 -0.515 -0.410
GFC peak->trough (2007-10-09..2009-03-09) -0.348 -0.310 -0.236 -0.447 -0.391 -0.470 -0.443  0.017 -0.013    NaN -0.415 -0.399    NaN    NaN -0.553
Aug-2011 downgrade (Jul 22-Oct 3)         -0.147 -0.133 -0.090 -0.138 -0.144 -0.154 -0.159 -0.078 -0.058 -0.140 -0.085 -0.246 -0.300 -0.294 -0.179
Aug-2015 flash (Aug 17-Aug 25)            -0.088 -0.066 -0.093 -0.098 -0.097 -0.104 -0.104 -0.053 -0.073 -0.043 -0.084 -0.093 -0.108 -0.096 -0.111
Feb-2018 Volmageddon (Jan 26-Feb 8)       -0.076 -0.060 -0.092 -0.070 -0.077 -0.085 -0.091 -0.047 -0.038 -0.081 -0.068 -0.069 -0.158 -0.139 -0.101
Q4-2018 (Sep 20-Dec 24)                   -0.154 -0.115 -0.171 -0.161 -0.152 -0.177 -0.176 -0.094 -0.116 -0.076 -0.142 -0.196 -0.162 -0.164 -0.194
COVID (2020-02-19..03-23)                 -0.289 -0.273 -0.253 -0.314 -0.302 -0.323 -0.314 -0.092 -0.032 -0.149 -0.118 -0.367 -0.466 -0.207 -0.338
2022 bear (01-03..10-12)                  -0.137 -0.086 -0.185 -0.217 -0.172 -0.220 -0.213 -0.056 -0.049 -0.171 -0.217 -0.102 -0.059 -0.107 -0.245
Aug-2024 yen-carry (Jul 16-Aug 5)         -0.044 -0.034 -0.051 -0.064 -0.051 -0.063 -0.063 -0.005  0.024 -0.055 -0.064 -0.046 -0.181 -0.143 -0.084
Apr-2025 tariff (02-19..04-08)            -0.150 -0.127 -0.123 -0.165 -0.155 -0.174 -0.172 -0.102 -0.070 -0.128 -0.108 -0.167 -0.230 -0.184 -0.187
               PUT    WPUT    CNDR    BFLY    PUTY     VPD   SPXTR
2020-03-16 -0.1146 -0.0875     NaN     NaN -0.1156 -0.3116 -0.1198
2020-03-12 -0.0984 -0.0964     NaN     NaN -0.0982 -0.1740 -0.0949
2008-10-15 -0.0937     NaN     NaN     NaN -0.0928     NaN -0.0903
2020-03-09 -0.0777     NaN     NaN     NaN     NaN     NaN     NaN
2008-10-09 -0.0683 -0.0664     NaN     NaN     NaN     NaN     NaN
2008-11-20     NaN -0.0642     NaN     NaN     NaN     NaN     NaN
2025-04-04     NaN -0.0621     NaN     NaN     NaN     NaN     NaN
1987-10-22     NaN     NaN -0.1021     NaN     NaN     NaN     NaN
1987-10-19     NaN     NaN -0.0847 -0.0758 -0.2985     NaN -0.2045
1986-09-11     NaN     NaN -0.0497     NaN     NaN     NaN     NaN
2010-05-20     NaN     NaN -0.0451     NaN     NaN     NaN     NaN
2008-09-17     NaN     NaN -0.0442     NaN     NaN     NaN     NaN
1987-10-26     NaN     NaN     NaN -0.0863     NaN     NaN     NaN
1989-10-13     NaN     NaN     NaN -0.0591     NaN     NaN     NaN
1988-04-14     NaN     NaN     NaN -0.0501     NaN     NaN     NaN
2000-03-16     NaN     NaN     NaN -0.0489     NaN     NaN     NaN
1987-10-16     NaN     NaN     NaN     NaN -0.1244     NaN     NaN
2018-02-05     NaN     NaN     NaN     NaN     NaN -0.1829     NaN
2008-10-22     NaN     NaN     NaN     NaN     NaN -0.1815     NaN
2020-06-11     NaN     NaN     NaN     NaN     NaN -0.1279     NaN
2008-12-01     NaN     NaN     NaN     NaN     NaN     NaN -0.0892
