event    n  mean_implied_sd  mean_abs_move  ratio_abs_move_to_expected  realised_over_implied_variance  p_move_gt_straddle  straddle_mean_k0.9  straddle_mean_k1.0  straddle_median  straddle_t  straddle_win  straddle_mean_k1.1
  CPI   50           0.0131         0.0098                      0.9327                          1.0303              0.3800             -0.0476             -0.1448          -0.2361     -1.4387        0.3800             -0.2244
 FOMC   35           0.0123         0.0093                      0.9467                          0.8334              0.3714              0.0518             -0.0554          -0.0934     -0.3664        0.3714             -0.1431
  NFP   49           0.0119         0.0105                      1.1127                          1.3522              0.4694              0.1603              0.0423          -0.0426      0.3376        0.4694             -0.0543
 none  961           0.0098         0.0070                      0.8934                          0.8289              0.3590             -0.0271             -0.1263          -0.2877     -5.5296        0.3496             -0.2076
  ALL 1095           0.0101         0.0073                      0.9093                          0.8746              0.3653             -0.0171             -0.1174          -0.2676     -5.3712        0.3571             -0.1994

event    period    n  mean_impl_sd  mean_abs_move  realised_var_over_implied  median_ratio_abs_to_sd
 FOMC 2011-2019   72        0.0118         0.0072                     0.4122                  0.3658
 FOMC 2020-2026   54        0.0154         0.0106                     0.6720                  0.4523
  CPI 2011-2019  107        0.0102         0.0064                     0.5011                  0.3664
  CPI 2020-2026   79        0.0136         0.0093                     0.7940                  0.3257
  NFP 2011-2019  106        0.0116         0.0075                     0.6090                  0.4525
  NFP 2020-2026   77        0.0141         0.0094                     0.6135                  0.5223
 none 2011-2019 1985        0.0091         0.0061                     0.5623                  0.3736
 none 2020-2026 1484        0.0114         0.0082                     0.6484                  0.4300

   period event   n  mean_abs  other_days_mean_abs  ratio  p_abs_gt_1pct  p_abs_gt_2pct  mean_ret
1994-2007  FOMC 112    0.0077               0.0075 1.0224         0.2946         0.0625    0.0022
1994-2007   CPI 167    0.0079               0.0075 1.0554         0.2814         0.0659    0.0002
1994-2007   NFP  34    0.0059               0.0075 0.7803         0.1765         0.0294   -0.0003
2008-2019  FOMC  96    0.0086               0.0078 1.1084         0.3229         0.0938    0.0031
2008-2019   CPI 143    0.0081               0.0078 1.0437         0.2587         0.0839    0.0013
2008-2019   NFP 141    0.0087               0.0078 1.1212         0.3333         0.1135    0.0012
2020-2026  FOMC  54    0.0106               0.0082 1.2920         0.4259         0.1481   -0.0000
2020-2026   CPI  79    0.0093               0.0082 1.1417         0.2911         0.1139   -0.0000
2020-2026   NFP  77    0.0094               0.0082 1.1556         0.3636         0.0649   -0.0007
2022-2026  FOMC  38    0.0100               0.0074 1.3517         0.4474         0.1316   -0.0000
2022-2026   CPI  56    0.0097               0.0074 1.3137         0.3036         0.1071    0.0014
2022-2026   NFP  54    0.0101               0.0074 1.3637         0.4259         0.0741   -0.0019

event          trade   n    mean  median  mean_at_mid    win       t
  CPI runup E-3->E-1 186 -0.0238 -0.0453       0.0021 0.2688 -3.2114
  CPI through E-1->E 186 -0.0250 -0.0439       0.0009 0.2581 -4.3505
 FOMC runup E-3->E-1 126 -0.0214 -0.0403       0.0045 0.2778 -2.1972
 FOMC through E-1->E 126 -0.0171 -0.0334       0.0086 0.2540 -1.9135
  NFP runup E-3->E-1 182 -0.0129 -0.0347       0.0129 0.2967 -1.7108
  NFP through E-1->E 182 -0.0228 -0.0437       0.0030 0.2802 -3.8445

ticker    period   n  mean_implied_sd  mean_expected_abs  mean_abs_move  median_abs_move  p_move_gt_expected  mean_iv_crush_pts  through_mean  through_median  through_t  through_win  runup_mean  runup_t  runup_win  runup_iv_change_pts
  AAPL 2011-2018  31           0.0627             0.0500         0.0468           0.0444              0.4516            -7.7323       -0.0748         -0.1411    -2.2225       0.2581     -0.0050  -0.1987     0.4194               2.8783
  AAPL 2019-2026  31           0.0527             0.0421         0.0330           0.0253              0.2581            -5.2313       -0.0959         -0.1256    -3.5114       0.1290     -0.0184  -0.9035     0.4194               2.3886
  AMZN 2011-2018  31           0.0848             0.0676         0.0727           0.0757              0.4839           -11.9055       -0.0220         -0.0856    -0.3716       0.3871      0.0061   0.2386     0.3548               5.1902
  AMZN 2019-2026  31           0.0790             0.0631         0.0604           0.0600              0.4839            -9.9106       -0.0778         -0.1534    -2.0382       0.3226     -0.0261  -1.0679     0.3548               4.0918
 GOOGL 2011-2018  31           0.0580             0.0462         0.0482           0.0410              0.4194            -7.9597        0.0094         -0.1273     0.1049       0.2258     -0.0009  -0.0234     0.3871               1.6867
 GOOGL 2019-2026  31           0.0687             0.0548         0.0511           0.0484              0.4194            -8.2113       -0.0530         -0.1127    -1.3224       0.3226      0.0219   0.6520     0.4839               2.9616
    GS 2011-2018  31           0.0395             0.0315         0.0199           0.0171              0.1935            -3.1332       -0.1066         -0.1176    -9.4181       0.0968     -0.0391  -1.5062     0.2258               0.2039
    GS 2019-2026  31           0.0441             0.0352         0.0263           0.0191              0.2581            -3.3603       -0.0686         -0.1192    -2.4514       0.2258     -0.0745  -3.5503     0.2903              -1.0032
   IBM 2011-2018  31           0.0501             0.0400         0.0436           0.0429              0.4839            -6.4494       -0.0503         -0.0990    -1.2512       0.3226     -0.0252  -1.4303     0.3871               2.5081
   IBM 2019-2026  31           0.0631             0.0504         0.0534           0.0500              0.5161            -7.7587       -0.0047         -0.1290    -0.0848       0.3548     -0.0901  -2.7002     0.1613               0.9726
   ALL 2011-2018 155           0.0590             0.0471         0.0462           0.0407              0.4065            -7.4360       -0.0488         -0.1157    -2.0391       0.2581     -0.0128  -1.0645     0.3548               2.4934
   ALL 2019-2026 155           0.0615             0.0491         0.0448           0.0374              0.3871            -6.8945       -0.0600         -0.1221    -3.4419       0.2710     -0.0375  -3.0125     0.3419               1.8823
   ALL       all 310           0.0603             0.0481         0.0455           0.0396              0.3968            -7.1652       -0.0544         -0.1192    -3.6791       0.2645     -0.0251  -2.9000     0.3484               2.1879

