                                                     0            1            2            3           4           5           6           7           8           9
ticker                                            ^SPX         ^SPX         ^SPX         ^SPX        ^XSP        ^XSP        ^XSP        ^XSP         SPY         SPY
expiry                                      2026-11-13   2026-11-13   2026-11-20   2026-11-20  2026-11-13  2026-11-13  2026-11-20  2026-11-20  2026-11-20  2026-11-20
dte                                                 46           46           53           53          46          46          53          53          53          53
side                                               put         call          put         call         put        call         put        call         put        call
spot                                       7683.689941  7683.689941  7683.689941  7683.689941  768.369995  768.369995  768.369995  768.369995  765.609985  765.609985
short_K                                         7350.0       8000.0       7320.0       8035.0       735.0       800.0       731.0       805.0       729.0       800.0
short_delta                                     -0.202        0.206       -0.201        0.199      -0.202       0.206      -0.196       0.185      -0.198       0.209
short_bid                                         54.2         36.0         59.0         37.2         5.1        3.29        5.49        3.17        5.87        4.03
short_ask                                         55.6         37.3         60.2         38.4        5.87        4.04        6.16        3.63         5.9        4.06
long_K                                          7000.0       8400.0       6950.0       8440.0       700.0       840.0       694.0       845.0       695.0       840.0
long_bid                                          25.1         2.75         27.5          3.2        2.28        0.15        2.57         0.2        2.96        0.37
long_ask                                          26.0          3.3         28.4          3.8        2.82        0.46        3.04        0.46        2.98        0.38
width                                            350.0        400.0        370.0        405.0        35.0        40.0        37.0        40.0        34.0        40.0
mid_credit                                       29.35       33.625        31.65         34.3       2.935        3.36        3.02        3.07       2.915        3.67
natural_credit                                    28.2         32.7         30.6         33.4        2.28        2.83        2.45        2.71        2.89        3.65
natural_haircut_pct_of_mid                    0.039182     0.027509     0.033175     0.026239    0.223169    0.157738    0.188742    0.117264    0.008576     0.00545
paper_fill_credit                               28.775      33.1625       31.125        33.85      2.6075       3.095       2.735        2.89      2.9025        3.66
commission_per_spread_pts                        0.026        0.026        0.026        0.026       0.015       0.015       0.015       0.015       0.013       0.013
max_loss_pts                                   321.225     366.8375      338.875       371.15     32.3925      36.905      34.265       37.11     31.0975       36.34
credit_over_maxloss                           0.089579     0.090401     0.091848     0.091203    0.080497    0.083864    0.079819    0.077877    0.093335    0.100715
dollars_at_risk_per_spread                     32122.5     36683.75      33887.5      37115.0     3239.25      3690.5      3426.5      3711.0     3109.75      3634.0
reg_t_requirement_per_spread                   32122.5     36683.75      33887.5      37115.0     3239.25      3690.5      3426.5      3711.0     3109.75      3634.0
cost_mid_to_paper_plus_comm_pct_of_credit     0.020477     0.014528     0.017409     0.013878    0.116695    0.083333    0.099338    0.063518    0.008748    0.006267
short_oi                                          39.0         32.0         25.0         15.0        34.0        31.0         5.0        84.0       176.0     16448.0
long_oi                                          204.0         12.0       4578.0          1.0       608.0         8.0         3.0        37.0      5817.0      2398.0
ticker        delta   n  median_mid  median_spread  median_spread_pct  median_oi
   IWM (0.03, 0.08]  51      0.4400          0.030             0.0571      196.0
   IWM (0.08, 0.15]  67      1.0500          0.040             0.0381      124.0
   IWM (0.15, 0.25]  57      1.9700          0.050             0.0283      144.0
   IWM (0.25, 0.35]  45      3.2750          0.060             0.0193      307.0
   QQQ (0.03, 0.08]  97      1.3300          0.040             0.0261      230.0
   QQQ (0.08, 0.15]  77      2.9300          0.050             0.0188      228.0
   QQQ (0.15, 0.25] 131      5.6200          0.110             0.0193      142.0
   QQQ (0.25, 0.35] 106      8.9425          0.130             0.0142      119.5
   SPY (0.03, 0.08] 109      0.9400          0.020             0.0169      681.0
   SPY (0.08, 0.15] 100      2.2400          0.030             0.0129      459.0
   SPY (0.15, 0.25] 107      4.1850          0.040             0.0098      480.0
   SPY (0.25, 0.35]  81      6.4950          0.050             0.0077      263.0
  ^SPX (0.03, 0.08] 349     11.3000          0.700             0.0581       82.0
  ^SPX (0.08, 0.15] 262     22.5750          0.900             0.0404      131.5
  ^SPX (0.15, 0.25] 247     39.9500          1.200             0.0279      140.0
  ^SPX (0.25, 0.35] 202     64.1000          1.300             0.0208       88.0
  ^XSP (0.03, 0.08] 179      1.1600          0.350             0.3008       23.0
  ^XSP (0.08, 0.15] 136      2.2725          0.500             0.2155       50.0
  ^XSP (0.15, 0.25] 126      4.0525          0.645             0.1557       64.0
  ^XSP (0.25, 0.35] 100      6.5775          0.785             0.1156       32.0
    expiry  dte  atm_iv       T  bdays       w      dw  dbd
2026-09-29    1 0.12643 0.00274      1 0.00004     NaN  NaN
2026-09-30    2 0.13204 0.00548      2 0.00010 0.00005  1.0
2026-10-01    3 0.13377 0.00822      3 0.00015 0.00005  1.0
2026-10-02    4 0.13877 0.01096      4 0.00021 0.00006  1.0
2026-10-05    7 0.11835 0.01918      5 0.00027 0.00006  1.0
2026-10-06    8 0.11942 0.02192      6 0.00031 0.00004  1.0
2026-10-07    9 0.12070 0.02466      7 0.00036 0.00005  1.0
2026-10-08   10 0.12201 0.02740      8 0.00041 0.00005  1.0
2026-10-09   11 0.12341 0.03014      9 0.00046 0.00005  1.0
2026-10-12   14 0.11675 0.03836     10 0.00052 0.00006  1.0
2026-10-13   15 0.11862 0.04110     11 0.00058 0.00006  1.0
2026-10-14   16 0.12268 0.04384     12 0.00066 0.00008  1.0
2026-10-15   17 0.12414 0.04658     13 0.00072 0.00006  1.0
2026-10-16   18 0.12533 0.04932     14 0.00077 0.00006  1.0
2026-10-19   21 0.12161 0.05753     15 0.00085 0.00008  1.0
2026-10-20   22 0.12276 0.06027     16 0.00091 0.00006  1.0
2026-10-21   23 0.12382 0.06301     17 0.00097 0.00006  1.0
2026-10-22   24 0.12489 0.06575     18 0.00103 0.00006  1.0
2026-10-23   25 0.12587 0.06849     19 0.00109 0.00006  1.0
2026-10-26   28 0.12326 0.07671     20 0.00117 0.00008  1.0
2026-10-27   29 0.12395 0.07945     21 0.00122 0.00006  1.0
2026-10-28   30 0.12715 0.08219     22 0.00133 0.00011  1.0
2026-10-29   31 0.12979 0.08493     23 0.00143 0.00010  1.0
2026-10-30   32 0.13168 0.08767     24 0.00152 0.00009  1.0
2026-11-02   35 0.12922 0.09589     25 0.00160 0.00008  1.0
2026-11-03   36 0.13005 0.09863     26 0.00167 0.00007  1.0
2026-11-04   37 0.13270 0.10137     27 0.00179 0.00012  1.0
2026-11-06   39 0.13428 0.10685     29 0.00193 0.00014  2.0
2026-11-13   46 0.13508 0.12603     34 0.00230 0.00037  5.0
2026-11-20   53 0.13609 0.14521     39 0.00269 0.00039  5.0
2026-11-30   63 0.13343 0.17260     45 0.00307 0.00038  6.0
          event  var_increment  normal_day_var  implied_event_day_sd  implied_excess_sd  normal_day_sd  straddle_equiv_move
 NFP 2026-10-02        0.00006         0.00006               0.00800            0.00249         0.0076              0.00638
 CPI 2026-10-14        0.00008         0.00006               0.00903            0.00487         0.0076              0.00720
FOMC 2026-10-28        0.00011         0.00006               0.01040            0.00710         0.0076              0.00830
